10,66
10,20
10,248
10,160
10,278
10,144
10,218
10,94
11,26
11,4
11,10
11,12
11,8
11,2
11,3
9,7
9,4
9,1
9,6
9,2
9,3
8,10
8,18
8,12
8,15
8,14
8,9
8,2
8,3
0,491
12,2
12,1
12,3
335,5
335,4
335,3
335,2
335,1
335,0
334,10
334,9
334,8
334,7
334,6
334,5
334,4
334,3
334,2
334,1
334,0
333,6
333,5
333,4
333,3
333,2
333,1
333,0
332,9
332,8
332,7
332,6
332,5
332,4
332,3
332,2
332,1
332,0
331,7
331,6
331,5
331,4
331,3
331,2
331,1
331,0
330,7
330,6
330,5
330,4
330,3
330,2
330,1
330,0
329,6
329,5
329,4
329,3
329,2
329,1
329,0
328,6
328,5
328,4
328,3
328,2
328,1
328,0
327,6
327,5
327,4
327,3
327,2
327,1
327,0
326,2
326,0
325,2
325,0
324,2
324,0
323,5
323,4
323,3
323,2
323,1
323,0
322,5
322,4
322,3
14,3
13,1
322,2
